 demo                      SWAT+ 2026-05-13        MODULAR Rev 2026.unknown                               
       year     plant_no   plant_name       harv_area(ha)    yld(t)         yld(t/ha)      
        1975           1 corn               12.06000       89.48055       7.419613    
        1975           2 soyb              0.0000000E+00  0.0000000E+00  0.0000000E+00
        1976           1 corn               12.06000       30.63224       2.539986    
        1976           2 soyb              0.0000000E+00  0.0000000E+00  0.0000000E+00
        1977           1 corn               12.06000       92.22974       7.647573    
        1977           2 soyb              0.0000000E+00  0.0000000E+00  0.0000000E+00
        1978           1 corn               12.06000       84.00412       6.965515    
        1978           2 soyb              0.0000000E+00  0.0000000E+00  0.0000000E+00
        1979           1 corn               12.06000       100.4416       8.328487    
        1979           2 soyb              0.0000000E+00  0.0000000E+00  0.0000000E+00
        1980           1 corn               12.06000       52.00234       4.311968    
        1980           2 soyb              0.0000000E+00  0.0000000E+00  0.0000000E+00
        1981           1 corn               12.06000       57.74741       4.788342    
        1981           2 soyb              0.0000000E+00  0.0000000E+00  0.0000000E+00
        1982           1 corn               12.06000       104.9014       8.698294    
        1982           2 soyb              0.0000000E+00  0.0000000E+00  0.0000000E+00
        1983           1 corn               12.06000       104.3503       8.652594    
        1983           2 soyb              0.0000000E+00  0.0000000E+00  0.0000000E+00
        1984           1 corn               12.06000       83.08943       6.889670    
        1984           2 soyb              0.0000000E+00  0.0000000E+00  0.0000000E+00
        1985           1 corn               12.06000       56.09049       4.650952    
        1985           2 soyb              0.0000000E+00  0.0000000E+00  0.0000000E+00
        1986           1 corn               12.06000       89.36744       7.410234    
        1986           2 soyb              0.0000000E+00  0.0000000E+00  0.0000000E+00
        1987           1 corn               12.06000       101.1235       8.385034    
        1987           2 soyb              0.0000000E+00  0.0000000E+00  0.0000000E+00
        1988           1 corn               12.06000       30.22636       2.506332    
        1988           2 soyb              0.0000000E+00  0.0000000E+00  0.0000000E+00
        1989           1 corn               12.06000       32.14066       2.665062    
        1989           2 soyb              0.0000000E+00  0.0000000E+00  0.0000000E+00
        1990           1 corn               12.06000       137.1255       11.37027    
        1990           2 soyb              0.0000000E+00  0.0000000E+00  0.0000000E+00
        1991           1 corn               12.06000       68.15784       5.651562    
        1991           2 soyb              0.0000000E+00  0.0000000E+00  0.0000000E+00
        1992           1 corn               12.06000       101.2861       8.398511    
        1992           2 soyb              0.0000000E+00  0.0000000E+00  0.0000000E+00
        1993           1 corn               12.06000       138.4912       11.48352    
        1993           2 soyb              0.0000000E+00  0.0000000E+00  0.0000000E+00
        1994           1 corn               12.06000       92.57779       7.676433    
        1994           2 soyb              0.0000000E+00  0.0000000E+00  0.0000000E+00
        1995           1 corn              0.0000000E+00  0.0000000E+00  0.0000000E+00
        1995           2 soyb              0.0000000E+00  0.0000000E+00  0.0000000E+00
        1996           1 corn               12.06000       82.67700       6.855472    
        1996           2 soyb              0.0000000E+00  0.0000000E+00  0.0000000E+00
        1997           1 corn               12.06000       67.10883       5.564579    
        1997           2 soyb              0.0000000E+00  0.0000000E+00  0.0000000E+00
        1998           1 corn               12.06000       107.4160       8.906795    
        1998           2 soyb              0.0000000E+00  0.0000000E+00  0.0000000E+00
        1999           1 corn               12.06000       80.20898       6.650826    
        1999           2 soyb              0.0000000E+00  0.0000000E+00  0.0000000E+00
        2000           1 corn               12.06000       33.80045       2.802690    
        2000           2 soyb              0.0000000E+00  0.0000000E+00  0.0000000E+00
        2001           1 corn               12.06000       42.44165       3.519208    
        2001           2 soyb              0.0000000E+00  0.0000000E+00  0.0000000E+00
        2002           1 corn              0.0000000E+00  0.0000000E+00  0.0000000E+00
        2002           2 soyb              0.0000000E+00  0.0000000E+00  0.0000000E+00
        2003           1 corn               12.06000       47.84581       3.967314    
        2003           2 soyb              0.0000000E+00  0.0000000E+00  0.0000000E+00
        2004           1 corn               12.06000       51.93427       4.306324    
        2004           2 soyb              0.0000000E+00  0.0000000E+00  0.0000000E+00
        2005           1 corn               12.06000       48.27484       4.002889    
        2005           2 soyb              0.0000000E+00  0.0000000E+00  0.0000000E+00
        2006           1 corn               12.06000       50.85875       4.217143    
        2006           2 soyb              0.0000000E+00  0.0000000E+00  0.0000000E+00
        2007           1 corn               12.06000       52.94013       4.389728    
        2007           2 soyb              0.0000000E+00  0.0000000E+00  0.0000000E+00
        2008           1 corn               12.06000       60.49238       5.015952    
        2008           2 soyb              0.0000000E+00  0.0000000E+00  0.0000000E+00
        2009           1 corn               12.06000       37.84452       3.138020    
        2009           2 soyb              0.0000000E+00  0.0000000E+00  0.0000000E+00
        2010           1 corn               12.06000       55.65749       4.615048    
        2010           2 soyb              0.0000000E+00  0.0000000E+00  0.0000000E+00
        2011           1 corn               12.06000       26.63160       2.208258    
        2011           2 soyb              0.0000000E+00  0.0000000E+00  0.0000000E+00
        2012           1 corn               12.06000       17.00023       1.409638    
        2012           2 soyb              0.0000000E+00  0.0000000E+00  0.0000000E+00
        2013           1 corn               12.06000       19.18623       1.590898    
        2013           2 soyb              0.0000000E+00  0.0000000E+00  0.0000000E+00
        2014           1 corn               12.06000       37.45503       3.105723    
        2014           2 soyb              0.0000000E+00  0.0000000E+00  0.0000000E+00
        2015           1 corn               12.06000       37.55962       3.114396    
        2015           2 soyb              0.0000000E+00  0.0000000E+00  0.0000000E+00
        2016           1 corn               12.06000       33.57310       2.783839    
        2016           2 soyb              0.0000000E+00  0.0000000E+00  0.0000000E+00
        2017           1 corn               12.06000       23.83927       1.976722    
        2017           2 soyb              0.0000000E+00  0.0000000E+00  0.0000000E+00
        2018           1 corn               12.06000       39.99666       3.316473    
        2018           2 soyb              0.0000000E+00  0.0000000E+00  0.0000000E+00
        2019           1 corn               12.06000       32.60706       2.703736    
        2019           2 soyb              0.0000000E+00  0.0000000E+00  0.0000000E+00
        2020           1 corn               12.06000       17.55059       1.455273    
        2020           2 soyb              0.0000000E+00  0.0000000E+00  0.0000000E+00
