	375	0	223	-1	374	201	5	-1	115
	374	224	1337	375	373	182	5	-1	114
	373	1338	1650	374	372	172	5	-1	113
	372	1651	1873	373	371	158	5	-1	112
	371	1874	2171	372	367	370	5	-1	111
	370	2172	2290	371	369	218	4	-1	54
	369	2291	2581	370	368	148	4	-1	52
	368	2582	3244	369	366	136	4	-1	51
	367	3245	3764	371	365	159	4	-1	57
	366	3765	4144	368	363	222	4	-1	50
	365	4145	4368	367	364	150	4	-1	56
	364	4369	4777	365	362	135	4	-1	55
	363	4778	5310	366	361	296	4	-1	48
	362	5311	5461	364	359	303	4	-1	54
	361	5462	5851	363	360	122	4	-1	44
	360	5852	6069	361	358	113	4	-1	43
	359	6070	7038	362	355	145	4	-1	49
	358	7039	7547	360	357	104	4	-1	42
	357	7548	7651	358	356	102	4	-1	41
	356	7652	7965	357	354	111	4	-1	40
	355	7966	8609	359	352	139	4	-1	48
	354	8610	8774	356	353	105	4	-1	39
	353	8775	8840	354	351	238	4	-1	38
	352	8841	9024	355	349	124	4	-1	47
	351	9025	9385	353	350	98	4	-1	36
	350	9386	9425	351	347	91	4	-1	35
	349	9426	9803	352	348	152	4	-1	46
	348	9804	9893	349	346	120	4	-1	45
	347	9894	10191	350	345	68	4	-1	34
	346	10192	10516	348	344	235	4	-1	44
	345	10517	10732	347	343	309	4	-1	33
	344	10733	10767	346	342	123	4	-1	42
	343	10768	10986	345	340	272	3	-1	28
	342	10987	11411	344	341	121	4	-1	41
	341	11412	11421	342	339	144	4	-1	40
	340	11422	11787	343	338	76	3	-1	26
	339	11788	12008	341	336	323	4	-1	39
	338	12009	12517	340	337	59	3	-1	25
	337	12518	12628	338	335	234	3	-1	24
	336	12629	13202	339	332	132	4	-1	25
	335	13203	13505	337	334	241	3	-1	22
	334	13506	13701	335	333	29	3	-1	19
	333	13702	13823	334	330	275	3	-1	18
	332	13824	14462	336	331	116	4	-1	24
	331	14463	14568	332	329	107	4	-1	23
	330	14569	14967	333	327	292	3	-1	15
	329	14968	15587	331	326	96	4	-1	22
	328	15588	15887	-1	322	89	2	-1	6
	327	15888	16405	330	324	58	3	-1	12
	326	16406	16687	329	325	106	4	-1	21
	325	16688	16787	326	321	130	4	-1	20
	324	16788	17080	327	314	249	3	-1	11
	323	17081	17198	339	317	134	3	-1	14
	322	17199	17831	328	316	86	2	-1	5
	321	17832	18207	325	319	304	4	-1	19
	320	18208	19021	-1	312	175	3	-1	7
	319	19022	19258	321	318	141	3	-1	15
	318	19259	19264	319	315	255	3	-1	14
	317	19265	19797	323	306	268	3	-1	13
	316	19798	20201	322	308	119	2	-1	4
	315	20202	20436	318	300	154	3	-1	12
	314	20437	21261	324	311	70	3	-1	8
	313	21262	21371	-1	305	60	2	-1	4
	312	21372	21848	320	307	266	3	-1	6
	311	21849	21914	314	310	20	3	-1	7
	310	21915	22055	311	293	298	3	-1	6
	309	22056	22689	345	299	64	3	-1	5
	308	22690	23228	316	290	108	2	-1	3
	307	23229	23627	312	273	205	2	-1	4
	306	23628	24306	317	302	219	3	-1	10
	305	24307	24777	313	301	78	2	-1	3
	304	24778	25694	321	220	291	3	-1	4
	303	25695	26373	362	279	155	2	-1	5
	302	26374	26599	306	297	169	3	-1	8
	301	26600	26847	305	75	69	2	-1	2
	300	26848	27632	315	282	278	3	-1	11
	299	27633	28105	309	288	225	3	-1	4
	298	28106	28735	310	221	22	2	-1	3
	297	28736	28870	302	295	153	3	-1	7
	296	28871	28899	363	284	118	2	-1	4
	295	28900	28961	297	230	289	3	-1	6
	294	28962	29847	-1	285	270	3	-1	6
	293	29848	30001	310	227	48	2	-1	3
	292	30002	30024	330	231	44	2	-1	3
	291	30025	30377	304	79	95	2	-1	2
	290	30378	30948	308	87	99	2	-1	2
	289	30949	31028	295	269	157	2	-1	4
	288	31029	31225	299	50	27	2	-1	2
	287	31226	32524	-1	263	260	3	-1	7
	286	32525	33517	-1	276	195	2	-1	3
	285	33518	33756	294	283	197	2	-1	4
	284	33757	34070	296	280	109	2	-1	3
	283	34071	34129	285	264	187	2	-1	3
	282	34130	34612	300	274	151	2	-1	7
	281	34613	35045	-1	244	17	2	-1	3
	280	35046	35136	284	93	100	2	-1	2
	279	35137	35841	303	237	147	2	-1	4
	278	35842	36240	300	245	138	2	-1	4
	277	36241	36479	-1	267	16	2	-1	3
	276	36480	36842	286	162	178	2	-1	2
	275	36843	37282	333	250	72	2	-1	3
	274	37283	37470	282	271	156	2	-1	6
	273	37471	38466	307	256	194	2	-1	3
	272	38467	39309	343	103	92	2	-1	2
	271	39310	39371	274	262	161	2	-1	5
	270	39372	39668	294	179	164	2	-1	2
	269	39669	40222	289	258	186	2	-1	3
	268	40223	40682	317	254	149	2	-1	3
	267	40683	40857	277	32	14	2	-1	2
	266	40858	41536	312	176	181	2	-1	2
	265	41537	41579	-1	248	209	2	-1	3
	264	41580	41957	283	192	193	2	-1	2
	263	41958	42453	287	243	61	2	-1	5
	262	42454	42590	271	253	166	2	-1	4
	261	42591	42699	-1	146	133	2	-1	2
	260	42700	43343	287	54	46	2	-1	2
	259	43344	43560	-1	251	35	2	-1	3
	258	43561	43718	269	174	167	2	-1	2
	257	43719	44459	-1	252	196	2	-1	3
	256	44460	44710	273	183	188	2	-1	2
	255	44711	44963	318	131	125	2	-1	2
	254	44964	45132	268	171	163	2	-1	2
	253	45133	45221	262	240	177	2	-1	3
	252	45222	45289	257	206	191	2	-1	2
	251	45290	45377	259	33	23	2	-1	2
	250	45378	45722	275	90	88	2	-1	2
	249	45723	45956	324	226	66	2	-1	3
	248	45957	46167	265	199	198	2	-1	2
	247	46168	46729	-1	232	30	2	-1	3
	246	46730	47526	-1	40	38	2	-1	2
	245	47527	47994	278	224	128	2	-1	3
	244	47995	48517	281	37	31	2	-1	2
	243	48518	48771	263	229	62	2	-1	4
	242	48772	49656	-1	24	26	2	-1	2
	241	49657	50077	335	236	52	2	-1	3
	240	50078	50249	253	184	173	2	-1	2
	239	50250	50426	-1	51	55	2	-1	2
	238	50427	50908	353	81	85	2	-1	2
	237	50909	51512	279	233	165	2	-1	3
	236	51513	51564	241	45	53	2	-1	2
	235	51565	51790	346	112	114	2	-1	2
	234	51791	51922	337	83	80	2	-1	2
	233	51923	51986	237	168	160	2	-1	2
	232	51987	52179	247	28	21	2	-1	2
	231	52180	53236	292	42	39	2	-1	2
	230	53237	53882	295	180	185	2	-1	2
	229	53883	54057	243	228	74	2	-1	3
	228	54058	54073	229	73	67	2	-1	2
	227	54074	55192	293	65	57	2	-1	2
	226	55193	55458	249	77	71	2	-1	2
	225	55459	55891	299	41	47	2	-1	2
	224	55892	56153	245	117	115	2	-1	2
	223	56154	56267	-1	216	212	2	-1	2
	222	56268	56406	366	127	129	2	-1	2
	221	56407	57689	298	6	11	2	-1	2
	220	57690	58798	304	97	94	2	-1	2
	219	58799	59171	306	142	143	2	-1	2
	218	59172	60352	370	140	137	2	-1	2
	217	60353	60363	-1	-1	-1	1	-1	1
	216	60364	60512	223	-1	-1	1	-1	1
	215	60513	60573	-1	-1	-1	1	-1	1
	214	60574	60811	-1	-1	-1	1	-1	1
	213	60812	61009	-1	-1	-1	1	-1	1
	212	61010	61194	223	-1	-1	1	-1	1
	211	61195	61407	-1	-1	-1	1	-1	1
	210	61408	61515	-1	-1	-1	1	-1	1
	209	61516	61757	265	-1	-1	1	-1	1
	208	61758	61943	-1	-1	-1	1	-1	1
	207	61944	62307	-1	-1	-1	1	-1	1
	206	62308	62561	252	-1	-1	1	-1	1
	205	62562	62585	307	-1	-1	1	-1	1
	204	62586	63081	-1	-1	-1	1	-1	1
	203	63082	63607	-1	-1	-1	1	-1	1
	202	63608	64486	-1	-1	-1	1	-1	1
	201	64487	64950	375	-1	-1	1	-1	1
	200	64951	65626	-1	-1	-1	1	-1	1
	199	65627	66108	248	-1	-1	1	-1	1
	198	66109	66523	248	-1	-1	1	-1	1
	197	66524	66598	285	-1	-1	1	-1	1
	196	66599	66928	257	-1	-1	1	-1	1
	195	66929	66964	286	-1	-1	1	-1	1
	194	66965	67303	273	-1	-1	1	-1	1
	193	67304	67569	264	-1	-1	1	-1	1
	192	67570	68258	264	-1	-1	1	-1	1
	191	68259	68762	252	-1	-1	1	-1	1
	190	68763	68968	-1	-1	-1	1	-1	1
	189	68969	70198	-1	-1	-1	1	-1	1
	188	70199	70292	256	-1	-1	1	-1	1
	187	70293	70682	283	-1	-1	1	-1	1
	186	70683	71239	269	-1	-1	1	-1	1
	185	71240	71507	230	-1	-1	1	-1	1
	184	71508	71891	240	-1	-1	1	-1	1
	183	71892	72459	256	-1	-1	1	-1	1
	182	72460	73022	374	-1	-1	1	-1	1
	181	73023	73205	266	-1	-1	1	-1	1
	180	73206	73383	230	-1	-1	1	-1	1
	179	73384	73659	270	-1	-1	1	-1	1
	178	73660	74075	276	-1	-1	1	-1	1
	177	74076	74544	253	-1	-1	1	-1	1
	176	74545	75243	266	-1	-1	1	-1	1
	175	75244	76391	320	-1	-1	1	-1	1
	174	76392	76972	258	-1	-1	1	-1	1
	173	76973	77062	240	-1	-1	1	-1	1
	172	77063	77762	373	-1	-1	1	-1	1
	171	77763	78321	254	-1	-1	1	-1	1
	170	78322	78518	-1	-1	-1	1	-1	1
	169	78519	79011	302	-1	-1	1	-1	1
	168	79012	79306	233	-1	-1	1	-1	1
	167	79307	79534	258	-1	-1	1	-1	1
	166	79535	79718	262	-1	-1	1	-1	1
	165	79719	79811	237	-1	-1	1	-1	1
	164	79812	80559	270	-1	-1	1	-1	1
	163	80560	80878	254	-1	-1	1	-1	1
	162	80879	81746	276	-1	-1	1	-1	1
	161	81747	81877	271	-1	-1	1	-1	1
	160	81878	81910	233	-1	-1	1	-1	1
	159	81911	82556	367	-1	-1	1	-1	1
	158	82557	83163	372	-1	-1	1	-1	1
	157	83164	83623	289	-1	-1	1	-1	1
	156	83624	84070	274	-1	-1	1	-1	1
	155	84071	84391	303	-1	-1	1	-1	1
	154	84392	85173	315	-1	-1	1	-1	1
	153	85174	85445	297	-1	-1	1	-1	1
	152	85446	86777	349	-1	-1	1	-1	1
	151	86778	86930	282	-1	-1	1	-1	1
	150	86931	87108	365	-1	-1	1	-1	1
	149	87109	87136	268	-1	-1	1	-1	1
	148	87137	87517	369	-1	-1	1	-1	1
	147	87518	87992	279	-1	-1	1	-1	1
	146	87993	88590	261	-1	-1	1	-1	1
	145	88591	89007	359	-1	-1	1	-1	1
	144	89008	89544	341	-1	-1	1	-1	1
	143	89545	89554	219	-1	-1	1	-1	1
	142	89555	89687	219	-1	-1	1	-1	1
	141	89688	89995	319	-1	-1	1	-1	1
	140	89996	90083	218	-1	-1	1	-1	1
	139	90084	90379	355	-1	-1	1	-1	1
	138	90380	90650	278	-1	-1	1	-1	1
	137	90651	90766	218	-1	-1	1	-1	1
	136	90767	91105	368	-1	-1	1	-1	1
	135	91106	91565	364	-1	-1	1	-1	1
	134	91566	91688	323	-1	-1	1	-1	1
	133	91689	92331	261	-1	-1	1	-1	1
	132	92332	92436	336	-1	-1	1	-1	1
	131	92437	92869	255	-1	-1	1	-1	1
	130	92870	93002	325	-1	-1	1	-1	1
	129	93003	93087	222	-1	-1	1	-1	1
	128	93088	93167	245	-1	-1	1	-1	1
	127	93168	93327	222	-1	-1	1	-1	1
	126	93328	94129	-1	-1	-1	1	-1	1
	125	94130	94693	255	-1	-1	1	-1	1
	124	94694	95088	352	-1	-1	1	-1	1
	123	95089	95348	344	-1	-1	1	-1	1
	122	95349	95421	361	-1	-1	1	-1	1
	121	95422	95875	342	-1	-1	1	-1	1
	120	95876	96025	348	-1	-1	1	-1	1
	119	96026	96596	316	-1	-1	1	-1	1
	118	96597	96782	296	-1	-1	1	-1	1
	117	96783	96986	224	-1	-1	1	-1	1
	116	96987	97308	332	-1	-1	1	-1	1
	115	97309	97502	224	-1	-1	1	-1	1
	114	97503	97581	235	-1	-1	1	-1	1
	113	97582	98074	360	-1	-1	1	-1	1
	112	98075	98390	235	-1	-1	1	-1	1
	111	98391	98628	356	-1	-1	1	-1	1
	110	98629	98927	-1	-1	-1	1	-1	1
	109	98928	98999	284	-1	-1	1	-1	1
	108	99000	99332	308	-1	-1	1	-1	1
	107	99333	99846	331	-1	-1	1	-1	1
	106	99847	100430	326	-1	-1	1	-1	1
	105	100431	100960	354	-1	-1	1	-1	1
	104	100961	101005	358	-1	-1	1	-1	1
	103	101006	101807	272	-1	-1	1	-1	1
	102	101808	102095	357	-1	-1	1	-1	1
	101	102096	102219	-1	-1	-1	1	-1	1
	100	102220	102740	280	-1	-1	1	-1	1
	99	102741	102793	290	-1	-1	1	-1	1
	98	102794	103503	351	-1	-1	1	-1	1
	97	103504	103650	220	-1	-1	1	-1	1
	96	103651	104488	329	-1	-1	1	-1	1
	95	104489	104876	291	-1	-1	1	-1	1
	94	104877	104989	220	-1	-1	1	-1	1
	93	104990	105973	280	-1	-1	1	-1	1
	92	105974	106123	272	-1	-1	1	-1	1
	91	106124	106314	350	-1	-1	1	-1	1
	90	106315	106730	250	-1	-1	1	-1	1
	89	106731	106996	328	-1	-1	1	-1	1
	88	106997	107493	250	-1	-1	1	-1	1
	87	107494	108787	290	-1	-1	1	-1	1
	86	108788	110268	322	-1	-1	1	-1	1
	85	110269	110593	238	-1	-1	1	-1	1
	84	110594	110665	-1	-1	-1	1	-1	1
	83	110666	110906	234	-1	-1	1	-1	1
	82	110907	111726	-1	-1	-1	1	-1	1
	81	111727	112085	238	-1	-1	1	-1	1
	80	112086	112392	234	-1	-1	1	-1	1
	79	112393	113722	291	-1	-1	1	-1	1
	78	113723	114055	305	-1	-1	1	-1	1
	77	114056	114273	226	-1	-1	1	-1	1
	76	114274	114313	340	-1	-1	1	-1	1
	75	114314	114721	301	-1	-1	1	-1	1
	74	114722	114756	229	-1	-1	1	-1	1
	73	114757	114927	228	-1	-1	1	-1	1
	72	114928	115107	275	-1	-1	1	-1	1
	71	115108	115234	226	-1	-1	1	-1	1
	70	115235	115814	314	-1	-1	1	-1	1
	69	115815	117331	301	-1	-1	1	-1	1
	68	117332	117861	347	-1	-1	1	-1	1
	67	117862	118100	228	-1	-1	1	-1	1
	66	118101	118134	249	-1	-1	1	-1	1
	65	118135	118146	227	-1	-1	1	-1	1
	64	118147	118263	309	-1	-1	1	-1	1
	63	118264	118506	-1	-1	-1	1	-1	1
	62	118507	118806	243	-1	-1	1	-1	1
	61	118807	118908	263	-1	-1	1	-1	1
	60	118909	119130	313	-1	-1	1	-1	1
	59	119131	119386	338	-1	-1	1	-1	1
	58	119387	119440	327	-1	-1	1	-1	1
	57	119441	119670	227	-1	-1	1	-1	1
	56	119671	119798	-1	-1	-1	1	-1	1
	55	119799	120036	239	-1	-1	1	-1	1
	54	120037	120593	260	-1	-1	1	-1	1
	53	120594	120660	236	-1	-1	1	-1	1
	52	120661	120784	241	-1	-1	1	-1	1
	51	120785	121152	239	-1	-1	1	-1	1
	50	121153	121482	288	-1	-1	1	-1	1
	49	121483	121988	-1	-1	-1	1	-1	1
	48	121989	122531	293	-1	-1	1	-1	1
	47	122532	122644	225	-1	-1	1	-1	1
	46	122645	123233	260	-1	-1	1	-1	1
	45	123234	123574	236	-1	-1	1	-1	1
	44	123575	124351	292	-1	-1	1	-1	1
	43	124352	124771	-1	-1	-1	1	-1	1
	42	124772	124883	231	-1	-1	1	-1	1
	41	124884	125088	225	-1	-1	1	-1	1
	40	125089	125165	246	-1	-1	1	-1	1
	39	125166	125453	231	-1	-1	1	-1	1
	38	125454	125921	246	-1	-1	1	-1	1
	37	125922	125997	244	-1	-1	1	-1	1
	36	125998	126579	-1	-1	-1	1	-1	1
	35	126580	126845	259	-1	-1	1	-1	1
	34	126846	127278	-1	-1	-1	1	-1	1
	33	127279	127439	251	-1	-1	1	-1	1
	32	127440	127803	267	-1	-1	1	-1	1
	31	127804	128242	244	-1	-1	1	-1	1
	30	128243	128414	247	-1	-1	1	-1	1
	29	128415	130472	334	-1	-1	1	-1	1
	28	130473	130761	232	-1	-1	1	-1	1
	27	130762	132009	288	-1	-1	1	-1	1
	26	132010	132019	242	-1	-1	1	-1	1
	25	132020	132883	-1	-1	-1	1	-1	1
	24	132884	133281	242	-1	-1	1	-1	1
	23	133282	133779	251	-1	-1	1	-1	1
	22	133780	134360	298	-1	-1	1	-1	1
	21	134361	134423	232	-1	-1	1	-1	1
	20	134424	135966	311	-1	-1	1	-1	1
	19	135967	136417	-1	-1	-1	1	-1	1
	18	136418	136708	-1	-1	-1	1	-1	1
	17	136709	137697	281	-1	-1	1	-1	1
	16	137698	137867	277	-1	-1	1	-1	1
	15	137868	138478	-1	-1	-1	1	-1	1
	14	138479	139185	267	-1	-1	1	-1	1
	13	139186	139498	-1	-1	-1	1	-1	1
	12	139499	140251	-1	-1	-1	1	-1	1
	11	140252	140409	221	-1	-1	1	-1	1
	10	140410	140649	-1	-1	-1	1	-1	1
	9	140650	140871	-1	-1	-1	1	-1	1
	8	140872	141063	-1	-1	-1	1	-1	1
	7	141064	141152	-1	-1	-1	1	-1	1
	6	141153	141256	221	-1	-1	1	-1	1
	5	141257	141594	-1	-1	-1	1	-1	1
	4	141595	141613	-1	-1	-1	1	-1	1
	3	141614	141800	-1	-1	-1	1	-1	1
	2	141801	141963	-1	-1	-1	1	-1	1
	1	141964	141989	-1	-1	-1	1	-1	1
	0	141990	141998	-1	-1	-1	1	-1	1
